5
2
3
4
5
6
8
9
10
11
12
13
15
16
17
18
19
20
21
22
24
25
26
28
29
30
31
32
33
34
35
36
38
39
40
41
42
43
45
46
47
48
50
51
52
53
54
55
56
58
59
60
62
63
64
66
67
68
69
70
71
73
74
75
76
77
78
80
81
82
83
85
86
87
88
89
90
91
92
95
96
97
98
99
100
103
104
105
106
108
109
110
111
112
113
114
115
116
117
118
119
120
121
125
126
127
128
129
130
131
132
133
134
135
136
137
138
139
143
144
145
146
147
148
149
150
153
154
155
156
157
158
159
160
161
162
164
165
166
168
169
170
171
172
174
175
176
177
178
179
180
181
182
183
186
188
189
190
191
192
193
194
196
197
198
199
200
201
202
203
204
205
206
207
208
209
210
213
214
215
216
217
218
220
221
222
223
225
226
227
229
230
231
232
233
234
235
238
239
240
241
242
243
244
245
247
248
249
250
252
253
254
255
256
257
258
259
261
262
263
264
265
266
267
268
269
270
271
272
273
274
275
276
277
278
281
282
283
284
285
286
287
290
291
292
293
294
295
296
297
300
301
302
303
304
305
306
307
308
309
310
311
312
313
314
315
316
317
318
319
320
324
325
326
328
329
330
332
333
334
335
336
337
340
341
342
343
344
345
346
347
348
349
350
351
353
354
355
356
357
358
