4
2
3
5
6
7
9
10
11
12
13
14
15
16
17
18
24
25
26
27
28
29
32
33
34
35
37
39
40
41
42
43
44
45
46
47
48
49
50
51
52
53
60
61
62
63
66
68
69
70
71
72
73
74
75
76
77
78
83
85
86
88
89
90
92
93
94
95
96
97
98
99
100
101
102
103
104
105
106
107
108
109
110
111
121
122
123
125
126
127
128
129
130
131
132
133
138
139
140
141
142
143
144
145
150
151
152
153
154
155
156
160
161
162
163
164
166
168
169
170
173
174
175
176
177
178
181
183
184
185
186
187
188
189
192
193
195
196
197
198
199
202
203
205
207
208
209
210
211
212
213
214
215
216
217
218
219
220
221
229
230
232
233
234
235
236
237
238
239
240
241
242
243
244
245
251
253
254
255
256
257
258
259
260
261
266
267
268
269
270
271
272
273
274
275
281
282
283
284
285
286
287
288
289
290
291
296
297
298
299
302
303
304
305
306
307
308
309
310
311
312
313
318
319
321
322
323
324
325
326
327
328
329
330
331
332
333
334
335
336
345
