4
7
11
12
13
14
15
16
17
18
19
20
21
24
25
26
27
28
29
30
31
32
34
35
36
39
41
42
43
44
46
47
50
51
55
57
58
59
60
61
62
63
64
65
68
69
70
71
72
74
76
77
78
79
80
81
83
84
85
86
87
88
89
90
91
92
93
95
96
97
98
99
100
101
102
105
106
107
108
110
111
112
113
114
115
116
118
119
120
122
123
124
125
126
128
129
130
132
133
134
135
136
137
139
140
141
142
143
144
146
147
148
149
150
151
152
153
154
155
156
157
159
160
161
162
163
164
165
166
167
168
169
170
171
175
176
177
178
179
180
181
183
185
186
187
188
189
190
191
192
193
195
197
198
199
200
202
203
204
206
207
208
209
210
211
212
213
215
216
217
219
220
221
222
223
224
225
226
227
228
229
230
231
234
235
237
238
239
240
242
243
249
250
251
252
253
257
258
259
260
261
263
264
265
266
268
269
270
271
272
273
274
275
282
285
286
287
288
289
290
291
292
293
294
296
297
298
299
300
301
302
303
304
305
306
307
308
309
313
314
